['[415, 479]', [[376, 479], [602, 479], [415, 266]]]
['[149, 526]', [[96, 526], [232, 526], [149, 255]]]
['[790, 671]', [[647, 671], [981, 671], [790, 858]]]
['[803, 473]', [[803, 398]]]
['[337, 479]', [[232, 479], [376, 479], [337, 252]]]
['[602, 398]', [[803, 398], [602, 308], [602, 479]]]
['[647, 479]', [[602, 479], [695, 479], [647, 671]]]
['[232, 526]', [[149, 526], [232, 479], [232, 865]]]
['[981, 422]', [[981, 671]]]
['[1047, 671]', [[981, 671]]]
['[418, 858]', [[647, 858]]]
['[1027, 308]', [[602, 308]]]
['[790, 904]', [[790, 858]]]
['[647, 671]', [[790, 671], [647, 479], [647, 858]]]
['[376, 479]', [[337, 479], [415, 479], [376, 704]]]
['[96, 526]', [[149, 526]]]
['[695, 479]', [[647, 479]]]
['[376, 704]', [[376, 479]]]
['[232, 865]', [[69, 865], [232, 526], [232, 918]]]
['[1047, 858]', [[790, 858]]]
['[981, 671]', [[790, 671], [1047, 671], [981, 422]]]
['[69, 865]', [[232, 865]]]
['[647, 905]', [[647, 858]]]
['[847, 398]', [[803, 398]]]
['[232, 918]', [[232, 865]]]
['[647, 858]', [[418, 858], [647, 671], [647, 905]]]
['[790, 858]', [[1047, 858], [790, 671], [790, 904]]]
['[232, 479]', [[337, 479], [232, 448], [232, 526]]]
['[602, 308]', [[1027, 308], [602, 230], [602, 398]]]
['[232, 448]', [[232, 479]]]
['[602, 479]', [[415, 479], [647, 479], [602, 398]]]
['[803, 398]', [[602, 398], [847, 398], [803, 473]]]
